841
10 213
116 441
168 185
394 62
604 109
427 822
711 827
705 190
692 519
276 402
324 26
113 759
196 111
172 25
651 476
169 93
449 578
318 615
232 117
45 400
54 160
264 456
5 330
221 259
758 195
91 156
387 383
26 62
227 391
357 403
448 613
21 422
2 6
416 551
199 62
179 686
376 562
306 14
597 159
26 25
689 318
111 112
87 243
267 347
360 719
749 688
283 109
290 440
672 247
27 359
108 129
752 610
190 627
321 158
43 2
488 403
58 111
120 238
778 556
513 44
26 116
18 443
8 294
26 66
538 521
31 680
9 541
212 735
32 636
730 45
329 763
286 11
52 2
471 314
316 130
144 108
220 262
740 577
80 131
48 10
561 516
296 191
23 229
437 404
808 49
270 97
637 305
123 388
432 623
33 54
89 96
53 514
249 505
97 31
260 373
59 41
127 89
263 817
289 231
463 574
48 397
235 725
389 511
605 189
31 209
1 2
416 419
447 228
150 212
588 285
131 165
75 146
406 806
161 450
74 32
126 10
396 42
582 801
244 85
336 788
282 277
153 223
221 659
154 117
197 358
724 388
364 438
242 715
319 807
480 24
208 268
98 225
334 9
324 677
318 467
52 361
571 295
584 338
631 459
63 520
386 239
269 442
436 714
319 476
54 142
146 435
154 195
521 152
492 355
58 197
249 463
11 15
353 313
712 334
7 78
172 357
99 417
560 639
19 37
718 62
362 231
239 67
28 72
30 25
379 140
813 117
125 482
52 60
193 87
397 423
219 43
58 153
504 332
484 193
277 161
453 162
518 199
374 263
797 324
434 652
140 284
722 318
292 702
344 152
503 126
150 60
470 804
361 472
83 57
397 618
458 621
38 655
173 174
625 207
507 322
19 28
3 12
815 305
29 676
496 337
41 35
53 656
670 12
2 3
329 413
101 543
351 483
820 229
119 497
168 248
471 559
644 255
20 32
167 216
452 24
221 117
319 155
80 55
206 738
150 407
15 90
141 78
372 37
315 296
835 589
105 614
237 55
392 376
67 187
52 308
39 293
653 136
781 528
73 14
146 271
837 549
301 169
548 301
432 713
404 755
241 838
503 823
435 833
346 180
690 678
665 647
97 731
799 118
301 626
410 74
314 119
362 460
202 119
177 186
403 556
809 21
191 98
421 629
305 259
139 220
267 90
71 81
431 315
762 784
94 51
281 834
523 8
812 268
501 478
274 69
4 10
776 656
252 470
278 91
716 555
453 728
85 493
164 13
193 326
789 578
792 477
32 528
14 260
10 31
435 695
122 106
414 540
337 276
45 109
257 94
176 339
729 658
426 641
127 433
679 224
367 329
395 601
203 28
18 6
398 839
248 575
113 155
183 23
168 395
836 296
146 161
136 113
17 36
263 131
785 142
698 110
109 258
70 113
83 103
638 359
308 603
76 298
35 15
282 424
114 58
128 304
538 767
135 411
56 595
83 466
243 384
378 372
524 216
12 85
116 338
31 461
809 841
564 199
258 536
180 7
416 379
122 498
530 145
328 754
497 640
430 281
16 657
288 77
130 273
527 36
495 678
139 23
707 10
53 95
145 159
110 108
9 17
654 756
594 17
163 53
437 750
448 658
630 564
285 291
656 736
587 135
120 34
103 790
742 252
566 483
4 9
134 37
101 85
575 611
255 6
212 251
294 469
370 50
364 83
592 775
502 552
462 795
354 565
458 61
590 199
256 160
101 206
464 170
502 427
10 14
7 34
478 408
112 350
568 417
7 188
620 109
579 64
696 414
329 739
831 496
211 59
94 745
579 593
12 13
347 667
104 414
7 669
415 386
460 697
130 85
766 112
46 9
104 64
204 276
74 409
2 137
184 69
542 284
132 18
133 732
491 221
99 96
645 629
152 148
311 123
285 28
688 488
139 581
221 591
325 247
77 133
54 167
468 24
47 46
824 455
92 28
413 555
616 660
192 228
516 100
27 13
642 76
131 432
606 602
141 254
350 693
628 481
598 131
66 135
377 743
772 397
263 312
243 508
661 505
477 499
1 157
343 780
8 7
82 22
356 664
803 442
666 502
106 377
149 365
299 96
583 485
267 477
616 125
194 87
5 425
275 36
550 126
363 332
327 42
683 318
412 774
44 125
545 242
328 97
448 192
802 311
22 42
389 295
40 38
305 420
465 143
249 252
188 532
9 29
145 701
124 110
246 37
222 489
12 748
193 217
289 436
369 798
16 233
219 709
53 341
529 682
224 128
245 356
607 649
130 227
793 469
393 208
632 733
89 35
184 510
188 230
404 175
378 577
113 123
674 840
826 818
53 4
33 14
107 734
31 446
197 512
120 162
559 687
313 153
295 486
254 309
779 288
44 25
751 374
294 663
290 25
204 136
589 280
67 43
553 455
354 160
419 421
51 401
490 352
685 363
266 340
236 52
668 310
76 158
142 317
260 787
573 176
231 269
222 107
84 102
170 828
418 366
569 343
2 11
281 80
213 537
8 39
38 253
76 65
757 79
473 114
218 196
549 173
608 179
768 57
648 576
19 21
496 500
4 20
474 442
22 322
810 532
189 75
412 333
77 12
48 173
274 610
73 249
11 19
117 50
585 354
517 461
769 758
373 529
57 11
617 201
544 596
533 363
90 383
522 356
746 371
333 54
348 78
295 366
58 534
525 263
255 479
777 620
19 115
240 115
782 671
783 736
312 612
364 762
786 754
138 105
654 515
143 148
20 360
633 737
42 175
494 191
800 706
241 90
343 318
428 93
44 166
468 558
123 704
355 105
329 481
23 61
451 112
662 26
487 270
830 555
814 387
485 346
445 539
345 342
323 634
448 717
103 832
19 23
297 444
95 721
449 142
74 295
59 381
45 63
791 51
265 29
16 1
205 195
547 90
106 7
708 76
677 727
635 194
632 285
398 39
368 711
544 418
331 86
210 143
112 434
45 13
56 49
510 818
307 30
4 300
281 320
607 101
458 747
75 29
12 375
78 145
452 495
280 166
370 592
233 519
91 105
204 215
2 5
374 515
36 302
703 341
673 483
81 535
703 829
293 554
599 358
25 2
821 431
408 244
214 181
394 459
7 235
553 572
206 557
193 234
332 300
329 203
90 231
825 203
49 369
123 455
310 1
307 376
379 399
8 22
335 68
247 132
294 405
10 531
39 50
129 200
194 506
51 201
9 38
427 258
582 495
86 143
195 675
710 461
69 292
91 80
264 83
303 249
79 39
306 811
301 753
694 816
19 178
103 151
131 192
7 297
484 741
19 646
104 546
420 563
371 128
44 168
65 2
650 212
475 364
182 28
168 380
304 723
571 700
462 105
761 738
794 456
87 57
139 426
299 349
494 509
444 619
526 325
249 279
706 78
193 647
501 681
61 147
64 119
694 648
277 560
720 453
93 90
684 597
149 106
228 266
244 586
30 121
60 170
771 499
84 5
88 18
54 177
560 699
69 385
64 53
284 624
98 65
41 55
338 390
764 367
71 27
609 153
580 198
190 172
51 382
107 242
439 223
52 226
726 658
176 72
33 108
576 404
309 342
691 510
209 819
336 34
567 159
567 643
100 36
669 796
68 32
585 633
570 499
393 674
49 28
351 1
24 16
138 140
245 3
172 368
151 208
171 58
250 7
200 445
429 420
